

       0000             0000        7777777777777777/========______
     00000000         00000000      7777^^^^^^^7777/ || ||   ______
    000    000       000    000     777       7777/=========//
   000      000     000      000             7777// ((     //
  0000      0000   0000      0000           7777//   \\   //
  0000      0000   0000      0000          7777//========//
  0000      0000   0000      0000         7777
  0000      0000   0000      0000        7777
   000      000     000      000        7777
    000    000       000    000       77777
     00000000         00000000       7777777
       0000             0000        777777777

